0.812401 13
0.005462 32
2.660245 2
0.044478 30
0.009503 71
63.787974 1
0.337768 1
0.281520 1
0.247260 1
0.130589 1
1.251824 1
0.463756 1
0.185471 1
0.584256 1
0.705483 11
0.960483 91
4.532627 11
0.000968 12
0.015446 71
1.263838 9
0.656685 4
0.261612 4
0.126962 4
0.105680 4
0.544753 4
0.290385 1
0.519275 1
0.738306 4
0.120656 4
0.336732 1
0.453697 1
1.251572 1
0.332022 2
0.000042 9
0.797853 91
114.381033 1
0.438609 1
0.557551 1
0.136678 1
0.634776 1
0.146112 1
1.726809 1
1.271812 1
0.483304 1
0.508449 1
2.749535 1
0.854556 1
0.201051 1
0.502412 1
0.364127 1
0.291415 1
1.106669 1
0.367051 1
0.451525 1
0.368305 1
3.622445 1
0.844939 4
0.408360 1
0.805445 11
0.002920 91
1.785644 1
0.553528 1
0.513033 1
1.276233 1
0.955055 1
0.633314 1
0.554497 2
1.256353 1
0.342808 1
0.282049 2
2.251803 1
0.203434 1
0.324759 6
1.557757 11
0.134758 134
0.010559 91
4.936898 19
0.356513 1
0.500714 1
0.029166 1
0.030661 1
0.030288 1
0.029955 1
0.029497 1
0.029645 1
0.030674 1
0.029694 1
0.030042 1
0.029382 1
0.159702 1
0.182341 1
0.150521 1
0.262832 1
0.200482 1
0.687702 39
0.412023 35
0.666697 3
0.499782 3
0.031104 3
0.029042 3
0.029171 3
0.032591 3
0.028665 3
0.029560 3
0.031036 3
0.029006 3
0.029519 3
0.030836 3
0.029608 3
0.029380 3
0.030482 3
0.030770 3
0.813528 11
0.000160 119
108.864631 34
0.844110 142
0.001688 119
40.744256 1
0.212237 1
0.146710 1
0.333524 1
0.065041 1
2.206348 1
0.161341 1
0.274770 1
0.363711 1
0.205498 1
0.071694 1
1.819892 1
0.150371 1
0.392604 1
0.341864 3
0.181476 1
0.172377 1
0.110170 1
0.708674 4
0.161133 4
2.000363 1
0.124739 1
0.453852 4
1.546727 1
0.119558 1
10.739787 1
6.369253 4
1.493350 19
0.754101 34
0.010973 63
0.002363 119
14.261381 1
0.119770 1
0.360642 1
1.533059 1
0.738107 1
0.760029 1
0.306543 3
1.352738 1
0.196322 1
0.246681 1
0.481439 1
0.207647 1
0.190137 1
0.430792 3
0.906928 231
0.039019 119
3.466467 17
0.191183 203
0.768889 11
0.017664 119
22.225660 49
2.213127 148
0.029288 119
9.400692 22
0.481868 154
0.494343 135
1.034020 216
0.582349 3
0.422460 1
0.673171 11
0.034847 119
0.792298 16
6.708845 4
0.500443 441
0.029794 4
0.031303 4
0.030315 4
0.029926 4
0.029422 4
0.028977 4
0.030356 4
0.029704 4
0.030175 4
0.029663 4
0.029603 4
0.030388 4
0.029573 4
0.030523 4
0.029285 1
0.031214 1
0.029451 1
0.030114 1
0.030229 1
0.029287 1
4.325677 1
0.699514 1
0.156088 1
0.447493 1
0.087161 1
1.614045 1
0.282789 1
0.145660 1
0.442334 1
0.176601 1
0.275826 1
0.157460 1
0.115652 1
7.975846 1
0.160304 3
0.497654 1
0.303165 1
0.190048 1
0.211563 1
0.281029 1
1.619194 1
0.613890 1
0.267789 1
0.343311 1
0.235574 1
0.538576 1
0.541783 1
0.269225 1
0.511526 1
0.393795 11
0.057188 94
0.004089 80
0.009901 15
0.002819 119
3.274986 29
0.712425 1
0.543926 1
0.131585 1
0.111690 1
0.246281 1
0.121188 1
0.126704 1
0.150421 1
0.313047 1
0.772915 29
1.027072 30
0.909050 29
0.504680 3
0.500379 3
0.030114 3
0.030306 3
0.030169 3
0.029101 3
0.031534 3
0.028905 3
0.029540 3
0.030504 1
0.644553 11
0.049576 95
0.002810 81
0.011151 15
0.002439 119
20.558080 115
0.000853 115
2.610368 115
0.000804 115
45.913946 115
0.000482 115
1.675981 115
0.001049 115
100.552836 115
0.000711 115
174.564685 52
0.693752 150
0.193713 270
0.499955 1
0.030657 1
0.029758 1
0.030157 1
0.031453 1
0.027647 1
0.030881 1
0.030192 1
0.030058 1
0.029333 1
0.031011 1
0.028912 1
0.029730 1
0.030281 1
0.041686 1
0.212957 1
0.227552 1
0.158620 1
0.518731 239
0.160365 221
0.147311 5
1.183910 3
0.500676 3
0.030841 3
0.028569 3
0.030453 3
0.029638 3
0.029854 3
0.029774 3
0.030652 3
0.030242 3
0.030075 3
0.028964 3
0.030855 3
0.029276 3
0.030010 3
0.029684 3
0.030650 3
0.029412 3
0.030471 3
0.030033 3
0.029530 1
0.030568 1
0.029652 1
0.533928 11
0.017051 119
6239.979613 115
224.121094 1
0.161972 1
0.125308 1
4.232188 1
0.500311 1
0.031523 1
0.031410 1
0.027434 1
0.029637 1
0.029814 1
0.029345 1
0.031000 1
0.029871 1
0.029544 1
0.030102 3
0.029930 1
0.029893 1
8.024566 1
19.345401 4
0.500190 4
0.031420 4
0.028080 441
0.030795 4
0.030899 4
0.029023 4
0.029978 4
0.029522 4
0.029665 4
0.030728 4
0.029778 4
0.029597 4
0.029910 4
0.030193 4
0.029826 4
11.229240 1
1.322176 1
0.418511 1
0.990267 11
0.003752 14
0.000105 60
0.001178 53
0.000109 119
78.841414 48
1.131420 147
0.002733 119
77.631206 1
0.160915 1
0.207101 1
0.342206 1
0.045352 1
7.437408 1
0.140032 1
0.133447 1
2.609740 1
0.155888 1
0.505077 1
0.396708 1
0.172256 1
0.165036 1
3.314592 3
0.825632 1
0.774351 11
0.027832 37
16.705323 4
0.729338 4
0.428142 4
0.600391 3
0.500102 3
0.032495 6
0.031599 3
0.026339 3
0.029597 6
0.030027 3
0.029993 3
0.029141 6
1.690030 1
0.268044 1
0.232663 1
0.439092 1
0.327135 2
0.004482 119
1.861295 1
0.187635 1
0.519049 11
0.814087 119
6.015632 1
0.144920 1
0.125551 1
1.262059 1
0.313177 1
0.378640 1
0.250817 1
0.220707 1
0.223199 1
0.482770 1
1.192589 11
0.015774 37
7.483103 4
0.407595 4
0.667934 1
0.437838 3
0.499979 3
0.032908 3
0.031183 6
0.026487 3
0.030007 3
0.029255 6
1.377642 1
0.647595 1
0.423681 1
0.407241 1
0.437611 2
0.002328 119
14.447191 1
0.151754 1
0.151377 1
0.313606 1
0.060804 1
0.804367 1
0.170409 1
0.125927 1
0.935594 1
0.303170 1
0.307981 1
0.503251 1
0.200596 1
0.191172 1
0.271138 3
1.042495 1
1.050844 11
0.019092 37
3.729356 1
0.191831 1
0.382278 1
0.231961 1
0.080080 1
0.661693 1
0.145499 1
0.594033 1
0.257340 1
0.125480 1
1.951289 1
0.327828 1
0.281259 1
0.135162 1
0.339393 1
0.190166 1
0.434763 1
0.818302 1
0.157039 1
0.121803 1
0.624580 2
0.006188 37
3.849220 2
1.787525 74
4.586295 2
1.943135 74
65.047543 2
1.818472 76
0.002342 37
4.676275 1
0.174517 1
0.257727 1
0.185887 1
0.207255 1
0.125739 1
0.177244 1
0.225970 1
1.284669 2
0.000173 95
2.531959 4
0.398271 4
0.726894 3
0.500258 3
0.032713 6
0.030857 3
0.029740 3
0.028086 6
3.557862 1
0.176329 1
0.268558 1
1.693935 3
0.500638 3
0.032997 3
1.588119 1
0.171016 1
0.239235 1
0.296985 1
0.085599 1
0.553366 1
0.146373 1
0.130150 1
0.292797 1
0.141968 1
1.695370 1
0.336458 1
0.271970 1
0.131651 1
0.101282 1
0.193126 1
0.870211 1
0.438545 1
0.176142 1
0.115655 1
0.630411 2
0.009087 37
3.292429 2
0.046890 131
0.000265 37
11.848747 1
0.187995 1
0.149253 1
0.414150 1
0.115941 1
0.912441 1
0.201060 1
0.427121 1
0.106191 1
0.090490 1
0.197943 1
0.650083 1
0.518465 1
0.191171 1
0.115960 1
0.612799 2
0.011162 62
0.000094 13
0.000062 29
0.000024 99
0.001117 197
0.000124 368
0.000039 17
2.115614 18
0.006535 18
0.006579 6
0.000042 12
0.006675 18
0.006719 6
0.000017 12
0.006697 18
0.006894 18
0.006940 18
0.006651 6
0.000012 12
0.013639 18
0.006640 18
0.006784 18
0.007227 18
0.006772 18
0.013330 6
0.000015 24
0.006695 18
0.013691 18
0.013740 18
7.360365 6
0.000020 46
0.448182 19
0.232011 19
0.568533 6
0.000048 15
0.167318 6
0.000044 15
0.135414 6
0.000010 12
0.000027 4
0.745292 6
0.000434 14
0.244997 6
0.000111 14
0.201210 6
0.000033 14
0.533492 6
0.000090 17
0.789676 20
0.398261 20
0.316652 20
0.293151 20
0.166673 6
0.000046 14
0.748955 6
0.000090 17
2.580251 20
0.730737 6
0.000015 14
0.250301 20
0.257537 20
0.778649 6
0.000138 17
1.465330 20
0.744612 6
0.000017 14
0.237197 20
0.248274 20
0.411956 6
0.000123 17
2.102767 20
0.170348 6
0.000061 14
0.186129 6
0.000017 14
0.735479 6
0.000047 14
0.746015 6
0.000136 17
32.426938 6
0.000016 14
0.732352 6
0.000034 14
0.300357 6
0.000073 14
0.137589 6
0.000085 14
0.155750 6
0.000080 14
0.152109 20
0.141371 6
0.000065 14
0.105291 6
0.000103 14
0.191450 6
0.000070 13
1.032528 6
0.000095 14
0.201477 6
0.000090 14
0.702145 6
0.000087 15
1.764780 6
0.000019 14
0.917104 6
0.000114 14
0.150538 20
0.179230 20
0.247641 6
0.000049 14
0.160853 6
0.000072 14
0.165865 6
0.000093 14
1.962038 6
0.000058 17
8.612433 6
0.000117 14
0.312335 20
0.210274 20
0.242159 6
0.000061 14
1.187234 6
0.000116 17
1.266734 6
0.000015 14
1.851316 6
0.000047 14
0.298118 6
0.000054 14
1.175581 6
0.000207 18
8.351373 6
0.000085 14
0.187353 20
0.131654 20
3.124746 6
0.000232 226
1.110876 6
0.000119 46
0.000073 277
0.000033 82
2.640113 6
0.000226 8
0.000036 37
0.008922 84
0.000009 9
0.000070 342
0.000482 67
10.211020 2
0.327883 2
0.248045 2
1.197411 3
0.180955 3
0.106151 3
0.823687 4
0.754641 4
0.672335 3
0.156735 3
0.137168 6
0.129620 3
0.122249 3
0.131972 6
5.320175 2
0.150732 2
0.130703 2
0.263142 2
0.121366 1
0.548245 3
0.150532 3
0.116014 3
0.110618 3
0.116460 3
0.687293 1
0.188101 1
0.141191 1
0.273002 1
0.121853 1
0.637205 1
0.268597 1
0.386606 1
0.121277 1
0.100230 1
0.190752 1
0.357850 1
0.492321 1
0.167807 1
0.111239 1
0.706201 2
0.005398 203
0.000931 197
0.000128 224
0.000007 144
0.000190 57
0.000046 99
44.680934 6
0.000140 355
0.000680 37
389.284059 1
0.221735 1
0.192467 1
0.704602 1
0.763023 3
0.503655 1
0.201233 2
0.003333 53
0.000069 119
3.275022 47
1.370153 136
1.367701 3
0.946959 1
55.926376 11
0.001749 119
455.315953 47
1.231026 146
0.002118 119
638.129957 1
0.146506 1
0.795443 4
0.770556 1
0.171077 1
0.246091 1
0.542837 1
0.071570 1
1.697008 1
0.132004 1
0.705241 1
0.464125 1
1.166711 11
0.000240 119
56.645308 1
0.378779 1
0.225473 1
0.232509 1
0.242825 1
0.077681 1
2.808609 1
0.529896 1
1.484245 11
0.000078 15
0.000144 119
191.172211 115
0.000686 115
237.683759 115
0.000431 115
1.915591 115
0.000574 115
2.110888 2
0.241284 2
0.752074 2
0.175141 2
0.080098 1
0.354339 4
0.130639 4
0.121446 4
0.100240 4
0.100193 4
0.111542 1
0.791323 1
0.404035 1
0.584467 1
0.211969 1
0.423655 1
0.137536 1
1.945394 1
0.137403 1
0.135500 1
0.811625 1
0.095696 1
0.328359 1
0.236928 1
0.196099 1
0.221540 4
1.173323 1
0.776153 3
0.131078 1
0.147115 1
2.281047 11
0.002433 119
6.487125 1
0.489681 1
0.628069 1
0.177834 1
0.246983 1
0.100135 1
0.759299 1
0.298361 1
0.657881 1
0.242436 1
0.422796 1
0.263034 1
0.317480 1
0.982666 4
0.408165 1
0.709727 11
0.006343 119
4.585285 1
0.111892 1
0.286007 1
0.136810 1
0.852060 1
0.286282 11
0.003276 14
0.000039 127
0.000052 76
0.000566 119
213.074969 1
0.700592 1
0.134250 1
0.217633 1
0.196437 1
0.102065 1
1.201837 1
0.231655 1
0.136632 1
1.110659 11
0.000147 119
13.398458 9
0.857302 1
0.189934 1
0.177651 1
0.703650 9
0.501021 3
0.370604 3
0.188672 3
0.421439 11
0.000102 119
426.657555 56
0.973728 155
0.002140 119
13.998046 1
0.121272 1
0.454722 11
0.002137 78
0.000405 119
45.768456 26
0.975228 422
0.002197 119
2.655840 17
1.354637 441
1.046978 3
1.508569 216
0.296876 1
0.280947 1
0.221166 1
0.226900 1
0.238540 1
0.345922 215
0.159906 17
0.230539 17
1.391101 13
0.326741 13
0.361864 150
0.735843 3
0.243548 3
0.197644 3
0.189373 3
0.132363 3
0.274959 3
0.692666 231
0.002012 119
2.673277 17
0.934370 203
0.784995 203
0.388149 216
0.460730 1
0.145300 1
0.119679 1
0.121961 1
0.134076 1
0.330609 1
0.197693 1
0.634525 3
0.264043 206
0.152926 5
0.761098 5
0.276991 148
0.475649 3
0.500479 3
0.029825 3
0.029945 3
0.029774 3
0.029597 3
0.030654 3
0.029977 1
0.029486 1
0.509767 216
0.477144 225
0.857695 3
0.416436 4
0.744336 1
0.846996 3
1.493979 231
0.002052 119
3.738195 17
0.768746 216
0.574020 3
0.778419 441
0.141613 3
0.308841 216
0.585684 1
0.190594 1
0.166051 1
0.196771 1
0.206953 1
0.365368 215
0.160252 17
0.322414 17
0.880119 13
0.166774 13
0.414200 150
0.479192 3
0.500543 3
0.030153 3
0.029589 3
0.030417 3
0.388756 3
0.797752 231
0.002077 119
10.335918 1
0.120611 1
0.920868 1
0.286925 1
0.212221 1
0.086436 1
2.395944 1
0.165679 1
0.212044 1
0.261604 1
0.655297 4
0.176251 4
0.844133 1
0.286569 1
0.167187 1
0.441772 4
2.989471 1
1.972176 1
0.915960 1
0.151208 1
0.231781 3
0.231505 1
1.460368 1
0.266675 1
1.508609 1
0.181667 1
0.192574 1
0.191893 1
0.191501 1
0.498692 4
0.175562 4
0.650465 4
0.811172 1
0.085836 1
1.092290 1
0.498255 1
2.093417 1
0.201427 1
0.498738 1
0.100525 1
0.142005 1
0.398956 4
0.149557 4
0.182536 4
1.136472 1
0.197074 1
0.439145 1
9.239671 11
0.002231 119
2.288523 1
0.111785 1
0.181442 11
0.001302 142
0.000253 119
43.959262 1
0.151413 1
0.503709 1
0.256402 1
0.329376 1
0.714828 4
0.150364 4
0.357392 4
1.023106 1
0.236831 1
0.241485 1
0.130264 1
108.808249 1
1.707000 1
1.302549 1
0.142481 1
0.302904 1
1.593834 1
2.581180 1
0.494134 1
1.790560 3
0.126704 1
0.136946 1
2.298767 1
1.534859 1
0.333661 1
0.618446 4
0.157981 4
0.780491 1
0.332574 1
1.112399 1
0.136412 1
0.121913 1
1.613052 1
0.699066 4
0.155371 1
1.932631 1
0.279401 1
0.534541 1
0.184963 1
1.304255 1
0.383532 11
0.002068 119
4.797942 29
5.661613 4
0.358434 1
1.178583 1
0.491917 1
0.336499 1
0.499902 1
0.030622 1
0.029317 1
0.030729 1
0.029610 1
0.197958 1
0.355297 1
0.337658 1
0.231890 1
0.207079 1
0.182420 1
0.191901 216
0.206777 1
0.263083 1
0.211842 1
0.623103 156
0.810077 159
4.249768 3
2.036364 3
0.258238 3
0.482471 3
0.386001 164
1.660885 8
2.984439 3
0.185169 3
0.218306 3
0.267510 3
0.206769 3
0.157427 3
0.195371 3
0.197106 3
0.365303 17
0.156446 17
0.243835 17
1.281218 13
0.136287 13
0.302469 13
1.844778 3
0.500610 3
0.174742 3
0.180984 3
0.147705 3
0.168777 3
0.557708 11
0.001833 119
5.182850 29
1.878865 4
0.447566 1
3.125069 1
0.500601 1
0.029388 1
0.030436 1
0.030603 1
0.178699 1
0.499634 1
0.198755 1
0.230951 1
0.185740 1
0.183349 1
0.225996 1
0.201098 1
0.192507 1
0.500240 216
0.029700 1
0.030650 1
0.030004 1
0.161072 1
0.776045 3
0.374276 156
0.317986 154
0.297161 152
1.640057 155
0.242322 157
0.393969 159
11.358800 3
0.244730 3
0.284811 3
0.185646 3
0.197300 3
0.850495 1
1.120326 379
1.393016 12
7.868268 3
0.242736 3
0.152428 3
0.168991 3
0.172229 3
0.242280 3
0.097146 3
0.488869 3
0.220663 17
0.186072 17
0.799727 13
0.110703 13
5.283924 11
0.002208 119
0.879311 29
18.490972 170
0.466534 172
2.828149 4
1.339237 1
0.444431 11
0.002073 119
1.027880 29
2.899325 168
2.815713 170
2.007639 4
0.749273 1
2.022990 11
0.002131 119
0.630234 29
1.533956 184
0.447314 168
6.832461 168
0.698734 168
0.269221 170
0.464922 172
0.298040 306
16.005681 4
0.130340 4
1.588650 55
1.143206 144
0.240316 1
0.172728 1
0.136777 1
0.675121 3
0.190869 3
0.144111 3
0.226096 3
0.373719 4
0.140871 4
0.141858 4
0.126244 4
0.281241 4
0.942377 1
1.072430 11
0.001873 119
9.770353 60
1.580507 151
0.160241 4
0.198599 4
0.160662 4
0.135672 4
1.274894 1
1.062285 11
0.002047 119
5.315045 64
0.589832 210
0.460814 3
0.167079 3
0.090673 3
0.125089 3
0.132694 3
0.965644 1
0.735985 12
0.002219 119
11.578831 64
2.540582 273
0.433231 4
0.133112 4
0.321537 4
0.371920 4
0.397828 4
0.659700 1
2.423129 11
0.001282 8
0.000036 111
347.901521 58
1.302979 147
0.200223 1
0.206983 1
0.152781 1
0.169408 1
0.369844 1
0.906351 5
0.348402 5
0.166650 5
0.452300 5
0.463695 5
1.327427 5
0.242542 5
0.628725 5
0.272938 5
0.216792 5
0.352034 5
0.373680 5
0.660503 3
0.213090 3
0.149663 3
0.218552 3
0.145063 3
0.328989 3
0.553530 11
0.006729 9
0.000481 119
312.662520 2
0.157238 2
0.462029 2
0.241550 2
0.256613 2
0.066788 1
0.383462 4
0.159377 4
0.274228 4
0.100759 4
0.121685 4
0.106520 4
1.193875 1
0.452977 1
0.458356 1
0.181976 1
0.402364 1
0.025303 1
2.867603 1
0.172669 1
0.105679 1
83.612114 11
0.001603 119
5.260757 9
0.729175 4
0.182062 4
0.074308 4
1.394922 1
0.779097 1
0.187250 1
5.014115 1
1.408194 4
0.517482 1
0.815809 11
0.001295 119
164.773071 50
1.342148 213
0.000055 7
0.000095 119
10.350369 11
0.000108 119
815.662237 2
0.217048 2
0.503355 2
0.297935 2
0.306488 2
0.131043 1
0.422244 4
0.161280 4
0.247676 4
0.172181 4
0.074672 4
0.150371 4
0.100777 1
1.757449 1
0.209750 1
0.484305 1
0.323178 1
0.186527 1
0.262491 1
1.333516 1
0.116943 1
1.051601 1
0.296139 1
0.469552 1
0.221468 1
0.563809 11
0.002831 663
0.000432 143
0.000724 2059
0.000574 119
61.724614 1
0.146662 1
0.920507 1
0.232056 1
0.217163 1
0.105769 1
174.168050 1
0.287374 1
0.227380 1
0.366559 1
1.278968 1
0.177456 1
0.151085 1
0.591012 11
0.001875 119
16.636483 13
0.722341 4
0.145851 4
0.368649 4
0.794542 1
0.223110 1
0.372044 1
1.000034 4
0.449777 1
2.066089 11
0.001875 119
7.939481 1
0.166384 1
0.694230 1
0.283119 1
0.610286 1
0.180426 1
19.422255 1
0.217028 1
0.106188 1
1.216491 1
2.665678 1
0.172116 1
0.941105 1
0.187143 1
1.091895 3
0.166613 1
0.146750 1
0.890899 11
0.002144 119
1.781432 17
5.102497 1
0.500338 1
0.029660 216
0.030581 1
0.029613 1
0.029822 1
0.030107 1
0.030044 1
0.149262 1
0.610085 3
0.405831 151
0.151814 209
0.428535 211
0.500169 146
0.363598 148
0.131345 151
0.481674 3
0.500190 3
0.031099 3
0.029319 3
0.030822 3
0.028524 3
0.030083 3
0.029673 3
0.030329 1
0.029467 1
0.030713 1
0.029526 1
0.029473 1
0.030643 1
0.252416 4
0.166748 4
0.357154 441
0.790652 3
0.383000 1
0.176861 1
1.086803 11
0.002245 119
30.173846 2
0.879088 4
1072.811457 55
1.111577 154
0.019083 119
5.345674 49
1.449741 148
0.012226 119
135.339288 2
0.166830 2
0.131877 2
0.307598 2
0.049274 1
0.377189 4
0.161574 4
0.232620 4
0.112099 4
0.115403 4
0.125621 1
0.111756 1
0.141158 1
0.438882 1
0.791388 4
0.159535 1
1.547060 1
0.307343 1
0.241719 1
0.292285 1
0.044931 1
3.314570 1
0.352398 1
0.085774 1
1.031758 1
0.238203 1
0.217949 1
0.734820 1
0.272815 1
0.448013 1
0.372468 3
0.718765 1
0.562784 11
0.029797 37
33.452744 26
1.721013 2
0.000141 37
4.850193 17
0.647471 2
0.001421 73
0.000037 38
0.000330 37
9.720571 1
0.196810 1
0.156705 1
0.221578 1
0.120085 1
2.876755 17
0.823469 2
0.008538 37
3.583406 2
0.051927 131
0.000415 37
80.096326 12
0.485426 2
0.002123 68
0.000090 38
0.000393 67
6.024916 1
0.207924 1
0.321454 1
0.212717 1
0.237412 1
0.297675 2
0.002545 14
0.000328 37
69.707722 1
0.261621 1
0.289263 1
0.354920 1
0.423878 2
0.004264 53
0.000070 119
3.103462 1
0.287443 1
0.196031 1
0.303300 1
0.262232 11
0.000020 6
0.019792 53
0.000108 8
0.000080 111
2.736889 11
0.001299 12
0.026274 71
1.610889 1
0.363753 1
0.302248 1
0.926704 1
0.317608 11
0.000061 6
