0.787879 13
0.009523 32
3.117237 2
0.029207 2
0.005612 2
0.001962 30
0.011218 71
11.472030 67
0.000313 67
22.079550 1
0.173534 1
0.206653 1
0.262686 1
0.116215 1
2.414822 1
0.226170 1
0.771776 11
0.923083 91
5.776585 1
0.152460 1
0.267735 11
0.002157 45
0.000455 91
7.604051 1
0.780328 1
0.165952 1
1.178084 1
0.170601 1
0.684351 1
0.418430 1
0.714932 1
0.376826 11
0.000388 74
0.000092 91
14.416012 8
1.003507 4
0.542428 11
0.000075 73
0.000096 91
4.098636 7
1.893317 4
0.500523 4
0.030307 4
0.029179 4
0.031028 4
0.028641 4
0.031847 4
0.028596 1
0.030336 1
0.030272 1
0.029834 1
0.029803 1
0.030024 1
0.029621 1
0.029850 1
0.030612 1
1.516485 1
0.171223 1
0.539223 1
0.407503 11
0.000064 7
0.000131 91
2.590145 1
0.176258 11
0.018486 63
0.001176 69
0.000113 76
0.000084 73
0.000854 91
33.079106 1
0.383061 1
0.286725 1
0.435846 1
0.335212 11
0.000213 12
0.013777 71
11.501165 1
0.418257 1
0.216784 11
0.010751 71
1.381294 1
0.159619 1
0.186959 11
0.003375 542
0.000035 296
0.000027 69
0.009186 8
0.000014 63
9.331800 1
0.176604 1
0.245825 1
1.025939 1
0.176194 1
0.585056 1
0.296802 1
0.632266 2
0.000008 9
0.000168 72
0.006859 71
105.836497 45
1.644426 118
0.499707 4
0.029987 4
0.030160 4
0.029758 4
0.030984 4
0.030264 4
0.028530 4
0.031307 4
0.029741 4
0.029605 4
0.034949 4
0.024976 4
0.030004 4
0.030153 4
0.029388 4
0.030935 4
0.029354 4
0.030520 4
0.029561 4
0.029509 4
0.030220 4
0.030372 4
0.030296 4
0.029426 4
0.030485 4
0.030188 4
0.029243 4
0.030835 4
0.030896 4
0.028839 4
0.030117 4
0.029498 4
0.030287 4
0.029375 4
0.030466 4
0.029557 1
0.031501 1
0.028541 1
0.030782 1
0.029690 1
0.029636 1
0.030576 1
0.029808 1
0.029764 1
0.030116 1
0.029970 1
0.029990 1
0.030289 1
0.029326 1
2.087048 1
0.166758 1
0.151905 1
0.310971 1
0.092061 1
0.650571 1
0.938742 1
0.473280 11
0.800467 91
4.025265 63
1.585551 124
0.500420 1
0.029775 1
0.029525 1
0.030592 1
0.029923 1
0.030169 1
0.030125 216
0.030032 1
0.030179 1
0.029169 1
0.029727 1
0.029782 1
0.029566 1
0.030753 1
0.029302 1
0.031014 1
0.030199 1
0.030127 1
0.030096 1
0.029968 1
0.029718 1
0.029921 1
0.029981 1
0.029692 1
0.183464 1
0.151187 1
0.256543 1
0.668568 141
0.200981 138
0.598901 133
0.343430 3
0.499899 3
0.030757 3
0.029685 3
0.030213 3
0.030658 3
0.029000 3
0.029763 3
0.030944 3
0.029815 3
0.029947 3
0.030072 3
0.029950 3
0.029353 3
0.030892 3
0.029090 3
0.029516 3
0.031013 3
0.029065 3
0.031168 3
0.029329 3
0.030104 3
0.029323 3
0.030999 3
0.030281 3
0.029857 3
0.030167 3
0.030205 3
0.028942 1
0.029615 1
0.030625 1
0.029691 1
0.030905 1
0.029641 1
0.029564 1
0.029405 1
0.030426 1
0.029483 1
0.568581 11
0.002641 91
26.330987 82
5.240070 203
0.010078 91
5.962151 1
0.199673 1
0.221598 1
0.317974 1
0.513218 1
0.984743 1
0.568484 1
0.150060 1
0.131949 1
0.623749 11
0.179002 47
0.007181 91
2.832160 9
0.310865 1
0.500405 1
0.029660 1
0.030749 1
0.030175 1
0.031274 1
0.028649 1
0.029944 1
0.029581 1
0.030090 1
0.029288 1
0.031418 1
0.029203 1
0.029992 1
0.030075 1
0.447281 19
0.172129 19
0.126223 19
0.265439 19
0.243095 19
0.278579 3
0.499884 3
0.030641 3
0.029662 3
0.030095 3
0.030487 3
0.030927 3
0.029123 3
0.030015 3
0.029534 1
0.029620 1
0.030653 1
0.458629 11
0.007672 62
0.000066 13
0.000468 67
0.000742 97
0.000117 6
0.000083 185
0.000012 194
4.198726 18
2.090689 6
0.000270 65
0.000990 91
76.403722 1
0.189662 1
0.228125 1
0.281388 1
0.060446 1
0.726346 1
0.192062 1
0.468388 1
1.362470 1
0.683083 1
0.358496 1
0.267186 1
0.165157 1
1.831363 1
0.378420 1
0.240821 1
0.265462 1
0.102908 1
0.391930 1
0.137099 1
1.975844 1
0.452385 1
0.331593 1
0.237812 1
0.433040 11
0.086031 50
0.014194 114
0.004316 132
0.050450 134
0.187039 217
0.002368 75
0.016597 90
0.280800 193
0.000190 123
0.001214 95
0.039238 196
0.008447 91
9.045874 65
6.042620 126
0.732520 11
0.015086 76
0.001252 91
7.596150 38
0.482570 1
0.500442 1
0.029748 1
0.030205 1
0.029854 1
0.030162 1
0.029482 1
0.030571 1
0.030183 1
0.030734 216
0.030265 1
0.027924 1
0.031113 1
0.029771 1
0.030033 1
0.613705 3
0.303361 3
0.482225 177
0.166162 174
0.176339 171
0.106806 168
0.149606 165
0.408485 162
0.331486 159
0.727790 158
0.313710 161
0.182572 164
0.903724 3
0.500139 3
0.029535 3
0.030235 3
0.030154 3
0.029777 3
0.031325 3
0.028485 3
0.031520 3
0.028707 3
0.029692 3
0.031132 3
0.029445 3
0.029153 1
0.031591 1
0.028487 1
0.030782 1
0.029683 1
0.029542 1
0.030331 1
0.029469 1
0.030524 1
2.081857 11
0.015597 76
0.002073 91
5.125069 1
0.175582 1
0.196945 1
11.740817 45
0.976184 134
0.000224 143
6.614026 1
0.156959 1
0.115954 3
0.347663 1
0.116375 1
3.212059 1
0.182011 1
0.323360 1
0.236044 1
0.313368 1
0.955879 1
0.499977 1
0.137273 1
0.135382 1
0.705838 11
0.006654 75
0.000147 63
0.000336 60
0.000798 97
0.000140 368
0.000680 510
0.000030 65
0.000013 125
0.000051 247
0.000041 69
0.000010 118
0.000045 95
0.000145 252
0.000017 189
0.000100 66
0.000046 253
1.513226 6
0.000109 16
0.006131 6
0.000101 17
0.007665 6
0.000159 17
0.005464 6
0.000109 17
0.007135 6
0.000125 25
0.006694 6
0.000116 17
0.007723 6
0.000228 12
0.000045 14
0.000035 18
0.000046 254
0.004756 6
0.000144 28
0.000057 265
0.006748 6
0.000150 12
0.000037 16
0.000037 211
0.011170 6
0.000316 12
0.000017 16
0.000108 204
0.000032 61
0.001656 6
0.000172 12
0.000065 16
0.000059 139
0.000028 62
0.006993 6
0.000105 12
0.000086 159
0.006049 6
0.000069 12
0.000035 34
0.000022 125
0.006652 6
0.000110 12
0.000049 221
0.009414 6
0.000153 12
0.000111 101
0.000033 55
0.003864 6
0.000123 12
0.000038 163
0.006863 6
0.000151 12
0.000039 16
0.000032 200
0.006394 6
0.000098 28
0.000028 84
0.000013 55
0.006688 6
0.000150 28
0.000013 18
0.000029 182
0.476188 6
0.000067 12
0.000040 16
0.000025 70
0.006461 6
0.000092 12
0.000104 16
0.000031 130
0.276743 6
0.000126 12
0.000036 16
0.000145 201
0.005852 6
0.000170 166
0.000032 177
0.006556 6
0.000231 12
0.000043 16
0.000071 449
0.006343 6
0.000210 28
0.000013 18
0.000011 88
0.000055 338
0.007975 6
0.000217 12
0.000025 16
0.000044 402
0.005261 6
0.000469 12
0.000067 16
0.000061 47
0.000027 34
0.000067 125
0.000013 59
0.000012 29
0.000053 34
0.000013 126
0.005989 6
0.000361 12
0.000070 16
0.000046 18
0.000050 224
0.000014 35
0.000032 67
0.000011 55
0.006139 6
0.000181 12
0.000012 16
0.000025 82
0.000013 134
0.000012 122
0.006439 6
0.000350 12
0.000058 16
0.000044 84
0.000035 130
0.000014 65
0.000048 90
0.000010 64
0.006920 6
0.000288 12
0.000050 16
0.000059 83
0.000013 69
0.000036 191
0.005792 6
0.000220 12
0.000056 16
0.000137 143
0.000015 125
0.006435 6
0.000225 12
0.000043 16
0.000039 87
0.000032 65
0.000036 128
0.006416 6
0.000106 12
0.000013 16
0.000025 209
0.006564 6
0.000257 12
0.000061 16
0.000037 47
0.000012 61
0.000013 127
0.000024 59
0.009438 6
0.000217 12
0.000029 16
0.000094 211
0.003534 6
0.000198 12
0.000043 16
0.000086 18
0.000011 98
0.000010 87
0.006366 6
0.000192 12
0.000033 16
0.000077 86
0.000036 124
0.006426 6
0.000094 12
0.000016 34
0.000014 115
0.006705 6
0.000246 12
0.000067 16
0.000032 18
0.000034 29
0.000013 61
0.000014 71
0.000012 63
0.000033 55
0.256857 6
0.000240 28
0.000057 47
0.000012 33
0.000014 61
0.000026 57
0.005215 6
0.000219 28
0.000085 79
0.000014 117
0.000028 52
0.007547 6
0.000394 28
0.000052 85
0.000023 125
0.000040 58
0.000024 121
0.005023 6
0.000417 28
0.000057 82
0.000033 122
0.000051 127
0.000040 55
0.006371 6
0.000436 28
0.000076 78
0.000035 120
0.000012 60
0.000061 60
0.000134 216
0.010201 6
0.000489 12
0.000065 16
0.000081 83
0.000011 29
0.000028 45
0.000029 125
0.000045 129
0.000031 119
0.001613 6
0.000386 12
0.000071 16
0.000034 18
0.000031 130
0.000047 64
0.000028 183
0.000025 57
0.006201 6
0.000394 12
0.000129 16
0.000079 79
0.000034 181
0.000035 72
0.000011 111
0.006237 6
0.000384 12
0.000092 16
0.000052 47
0.000031 60
0.000027 92
0.000038 29
0.000016 96
0.000031 121
0.007663 6
0.000367 12
0.000068 16
0.000088 90
0.000021 129
0.001209 128
0.003860 6
0.000229 12
0.000013 16
0.000038 18
0.000020 123
0.000029 186
0.005909 6
0.000126 12
0.000028 16
0.000024 18
0.000039 253
0.006722 6
0.000147 12
0.000039 16
0.000060 270
0.006408 6
0.000182 12
0.000087 16
0.000035 88
0.000023 61
0.000028 69
0.008237 6
0.000313 12
0.000114 16
0.000094 18
0.000013 71
0.000010 29
0.000013 42
0.000024 53
0.004441 6
0.000110 12
0.000033 16
0.000119 108
0.000063 120
0.006506 6
0.000120 12
0.000069 16
0.000083 18
0.000009 118
0.006453 6
0.000117 12
0.000035 16
0.000072 82
0.000030 64
0.535446 6
0.000295 12
0.000103 16
0.000046 76
0.000034 252
0.004989 6
0.000175 12
0.000050 16
0.000055 15
0.007128 6
0.000227 12
0.005853 6
0.000254 12
0.006581 6
0.000281 12
0.007040 6
0.000182 12
0.006486 6
0.000233 12
0.010916 6
0.000136 12
0.001587 6
0.000111 12
0.007097 6
0.000129 12
0.006503 6
0.000156 12
0.006608 6
0.000189 12
0.006706 6
0.000092 12
0.006661 6
0.000137 12
0.006646 6
0.000074 12
0.006746 6
0.000115 12
0.227275 6
0.000085 12
0.006398 6
0.000128 12
0.006185 6
0.000176 12
0.006914 6
0.000155 12
0.006512 6
0.000183 12
0.006447 6
0.000191 12
0.006765 6
0.000196 12
0.006637 6
0.000173 12
0.007563 6
0.000135 12
0.005796 6
0.000185 12
0.006662 6
0.000190 12
0.006594 6
0.000133 12
0.006380 6
0.000099 12
0.007025 6
0.000124 12
0.243253 18
0.000030 5
0.006474 6
0.000120 17
0.006520 6
0.000194 17
0.006594 6
0.000186 17
0.006658 6
0.000032 16
0.006732 6
0.000104 16
0.006914 6
0.000178 23
0.000025 153
0.000030 132
0.000035 123
0.006229 6
0.000250 159
0.000015 59
0.000040 184
0.000014 63
0.006322 6
0.000166 12
0.000016 86
0.000061 191
0.000011 57
0.000013 57
0.009054 6
0.000272 103
0.000018 120
0.000012 60
0.000012 61
0.000026 60
0.004105 6
0.000235 169
0.000014 64
0.000031 183
0.000026 67
0.006490 6
0.000359 306
0.000025 200
0.006298 6
0.000190 12
0.000009 28
0.000027 177
0.000011 59
0.000038 59
0.006485 6
0.000233 103
0.000037 183
0.000030 125
0.006665 6
0.000228 23
0.000034 139
0.000045 241
0.006269 6
0.000205 40
0.000010 121
0.000013 118
0.000054 57
0.006790 6
0.000168 12
0.000009 57
0.000007 60
0.000033 220
0.000050 32
0.006410 6
0.000146 40
0.000027 134
0.000030 121
0.000022 57
0.007462 6
0.000170 23
0.000031 187
0.000044 90
0.005718 6
0.000136 12
0.000037 11
0.000031 201
0.000031 61
0.006584 6
0.000172 328
0.000029 125
0.246620 6
0.000220 237
0.006185 6
0.000224 287
0.000021 67
0.006487 6
0.000212 364
0.006551 6
0.000186 261
0.000015 66
0.006487 6
0.000268 419
0.000070 65
0.006870 6
0.000268 424
0.000045 66
0.006436 6
0.000227 169
0.000015 123
0.000012 120
0.000012 29
0.000046 33
0.005977 6
0.000222 221
0.000048 185
0.000016 69
0.006699 6
0.000304 167
0.000024 58
0.000024 120
0.000058 65
0.006652 6
0.000269 23
0.000027 138
0.000027 119
0.000061 122
0.006106 6
0.000365 159
0.000032 183
0.000018 118
0.000012 60
0.006348 6
0.000306 162
0.000010 237
0.006308 6
0.000222 23
0.000034 17
0.000065 316
0.000014 29
0.000076 36
0.006287 6
0.000137 102
0.000021 131
0.000027 124
0.000022 59
0.009748 6
0.000188 99
0.000010 194
0.000050 66
0.003503 6
0.000180 223
0.000020 125
0.007048 6
0.000179 23
0.000016 203
0.000014 65
0.000014 66
0.006056 6
0.000129 294
0.006792 6
0.000188 341
0.000075 65
0.007169 6
0.000072 23
0.000058 109
0.000031 159
0.006072 6
0.000192 40
0.000064 139
0.000013 138
0.007772 6
0.000142 23
0.000020 133
0.000034 65
0.005380 6
0.000084 23
0.000144 209
0.008280 6
0.000173 101
0.000041 119
0.000155 62
0.004830 6
0.000100 23
0.000015 141
0.000054 64
0.006441 6
0.000057 12
0.000014 154
0.000035 64
0.006755 6
0.000224 23
0.000065 128
0.000071 58
0.250397 6
0.000166 54
0.006036 6
0.000029 12
0.006674 6
0.000070 12
0.006795 6
0.000109 12
0.007374 6
0.000126 12
0.006009 6
0.000079 12
0.006553 6
0.000236 12
0.006811 6
0.000271 12
0.006317 6
0.000222 12
0.006701 6
0.000188 12
0.006458 6
0.000235 12
0.006418 6
0.000128 12
0.006565 6
0.000135 12
0.006686 6
0.000095 12
0.006725 6
0.000108 12
0.006777 6
0.000100 12
0.006622 6
0.000094 12
0.007292 6
0.000112 12
0.006233 6
0.000081 12
0.006579 6
0.000118 12
0.006759 6
0.000097 12
0.006647 6
0.000096 12
0.006696 6
0.000104 12
0.006768 6
0.000115 12
0.279437 6
0.000077 12
0.006351 6
0.000102 12
0.006710 6
0.000123 12
0.006627 6
0.000129 12
0.006767 6
0.000143 12
0.006710 6
0.000126 12
0.006590 6
0.000105 12
0.007758 6
0.000145 12
0.005657 6
0.000084 12
0.006679 6
0.000083 12
0.006607 6
0.000096 12
0.006747 6
0.000114 12
0.006627 6
0.000093 12
0.006721 6
0.000096 12
0.006864 6
0.000120 12
0.006534 6
0.000087 12
0.006862 6
0.000101 12
0.006672 6
0.000074 12
0.007334 6
0.000076 12
0.006105 6
0.000128 12
2.381075 6
0.000218 65
0.000718 143
21.207037 65
0.676389 178
0.499924 1
0.039398 1
0.021639 1
0.029471 1
0.107864 1
0.304585 1
0.148385 1
0.114843 1
0.116851 1
0.126118 1
0.140860 1
0.219447 1
0.383647 5
0.150891 5
0.150292 5
0.096698 5
0.147995 5
0.137205 5
0.372115 5
0.517944 5
0.271523 5
0.197720 5
0.544790 3
0.500349 3
0.033474 3
0.028199 3
0.027852 3
0.031069 3
0.030648 3
0.028816 3
0.029452 3
0.029980 3
0.029636 3
0.031016 3
0.030009 3
0.030315 1
0.029374 1
0.029586 1
0.029732 1
0.456287 11
0.017031 143
14.478862 44
1.011507 167
0.003506 19
0.000173 15
0.000109 15
0.000035 62
0.000592 143
150.214872 1
0.081761 1
102.197664 3
0.518686 1
0.101742 1
4.041120 1
0.212127 1
0.209896 1
0.217449 1
0.733162 1
0.469556 1
0.507307 4
0.683650 1
0.483322 1
0.141998 1
0.120922 1
0.799345 11
0.005054 75
0.000459 63
0.000354 60
0.000700 97
0.000017 112
0.000041 256
0.000788 510
0.000037 719
0.000219 760
1.953377 6
0.000097 16
0.005976 6
0.000123 16
0.007115 6
0.000122 17
0.006459 6
0.000123 17
0.006285 6
0.000179 25
0.006717 6
0.000136 17
0.006800 6
0.000254 12
0.000066 14
0.000064 81
0.000012 66
0.000023 58
0.005979 6
0.000254 12
0.000094 16
0.000060 18
0.000023 67
0.000033 186
0.006389 6
0.000305 12
0.000058 16
0.000048 79
0.000025 198
0.000032 57
0.006883 6
0.000363 12
0.000083 16
0.000118 111
0.000032 97
0.000026 56
0.005784 6
0.000267 12
0.000033 16
0.000063 78
0.000038 96
0.000041 96
0.006229 6
0.000194 12
0.000114 16
0.000046 18
0.000028 67
0.000034 63
0.000007 54
0.006280 6
0.000212 12
0.000082 16
0.000093 92
0.000010 121
0.006559 6
0.000208 12
0.000079 16
0.000044 18
0.000031 60
0.000024 129
0.007950 6
0.000194 12
0.000095 16
0.000110 18
0.000098 122
0.004770 6
0.000132 12
0.000067 16
0.000080 18
0.000017 121
0.006491 6
0.000122 12
0.000056 16
0.000049 18
0.000006 119
0.006487 6
0.000124 12
0.000069 16
0.000099 18
0.000006 118
0.006505 6
0.000089 12
0.000021 16
0.000038 70
0.007024 6
0.000089 12
0.000037 16
0.000045 130
0.013049 6
0.000059 12
0.000048 16
0.000040 72
0.006719 6
0.000097 12
0.000052 16
0.000021 76
0.009381 6
0.000098 12
0.000080 16
0.000299 70
0.003508 6
0.000057 12
0.000051 16
0.000045 70
0.347489 6
0.000251 12
0.000089 16
0.000079 18
0.000013 60
0.000045 116
0.006000 6
0.000322 12
0.000079 16
0.000082 18
0.000006 61
0.000011 62
0.000081 116
0.006246 6
0.000394 12
0.000084 16
0.000091 18
0.000014 62
0.000026 62
0.000024 95
0.000038 63
0.000006 25
0.006194 6
0.000505 12
0.000098 16
0.000071 18
0.000023 62
0.000036 60
0.000018 66
0.000017 65
0.000023 114
0.006478 6
0.000245 12
0.000091 222
0.000021 196
0.005807 6
0.000280 12
0.000023 16
0.000056 47
0.000021 247
0.000006 34
0.000005 56
0.006512 6
0.000315 12
0.000057 16
0.000071 283
0.000034 126
0.009125 6
0.000333 12
0.000051 16
0.000066 142
0.000078 134
0.000017 122
0.003393 6
0.000323 12
0.000033 16
0.000027 18
0.000023 196
0.000055 219
0.008133 6
0.000261 12
0.000060 16
0.000049 83
0.000009 69
0.000011 66
0.000042 125
0.004589 6
0.000261 12
0.000046 16
0.000076 78
0.000023 259
0.006638 6
0.000204 12
0.000038 16
0.000025 83
0.000023 193
0.006081 6
0.000112 12
0.000036 16
0.000029 18
0.000007 227
0.006497 6
0.000133 12
0.000019 16
0.000021 78
0.000029 120
0.007537 6
0.000104 12
0.000041 16
0.000030 137
0.005859 6
0.000070 12
0.000018 16
0.000043 156
0.006515 6
0.000064 12
0.000019 16
0.000037 47
0.000006 87
0.006719 6
0.000067 12
0.000022 16
0.000019 18
0.000015 131
0.007000 6
0.000090 12
0.000018 16
0.000052 136
1.165700 6
0.000247 12
0.000066 16
0.000063 18
0.000015 87
0.000013 61
0.000050 129
0.004511 6
0.000217 12
0.000047 16
0.000066 107
0.000031 33
0.000042 56
0.007365 6
0.000221 12
0.000107 16
0.000064 141
0.000047 112
0.005478 6
0.000192 12
0.000058 16
0.000216 200
0.006390 6
0.000260 12
0.000066 16
0.000054 18
0.000014 120
0.000060 185
0.006636 6
0.000236 12
0.000070 16
0.000100 107
0.000016 95
0.000041 60
0.006044 6
0.000217 12
0.000016 16
0.000099 138
0.000011 115
0.007992 6
0.000333 28
0.000066 138
0.000012 60
0.000045 55
0.004698 6
0.000250 12
0.000061 16
0.000075 108
0.000055 100
0.000103 98
0.007358 6
0.000322 12
0.000076 16
0.000079 149
0.000057 65
0.000035 61
0.000032 58
0.005499 6
0.000266 28
0.000084 80
0.000040 249
0.006027 6
0.000227 12
0.000037 16
0.000076 79
0.000016 62
0.000046 115
0.006520 6
0.000232 12
0.000069 16
0.000059 18
0.000013 63
0.000042 184
0.006094 6
0.000215 12
0.000062 16
0.000081 136
0.000037 29
0.000041 61
0.000028 26
0.006515 6
0.000260 12
0.000070 16
0.000077 79
0.000051 126
0.000012 59
0.006235 6
0.000198 12
0.000067 16
0.000062 18
0.000015 72
0.000013 124
0.006290 6
0.000221 12
0.000067 16
0.000054 18
0.000038 133
0.000107 118
0.006406 6
0.000199 12
0.000064 16
0.000064 18
0.000029 129
0.000024 57
0.006281 6
0.000267 12
0.000064 16
0.000073 83
0.000014 71
0.000032 117
0.009423 6
0.000157 12
0.000075 16
0.000051 80
0.000023 53
0.003787 6
0.000137 12
0.000081 16
0.000080 220
0.006268 6
0.000162 12
0.000068 16
0.000052 148
0.300500 6
0.000293 28
0.000072 89
0.000058 158
0.000022 67
0.005953 6
0.000185 28
0.000074 79
0.000033 114
0.006598 6
0.000290 28
0.000072 144
0.000062 187
0.006244 6
0.000273 28
0.000041 76
0.000071 134
0.007925 6
0.000148 12
0.008809 6
0.000158 12
0.002957 6
0.000143 12
0.006807 6
0.000155 12
0.006727 6
0.000164 12
0.006557 6
0.000075 12
0.006732 6
0.000138 12
0.006635 18
0.006877 6
0.000030 12
0.006705 6
0.000037 12
0.006764 6
0.000024 12
0.006831 18
0.006762 18
0.007637 18
0.374485 6
0.000016 12
0.005902 6
0.000127 12
0.006869 6
0.000194 12
0.006254 6
0.000117 12
0.006879 6
0.000087 12
0.006495 6
0.000064 12
0.006757 6
0.000075 12
0.006876 6
0.000080 12
0.007255 6
0.000052 12
0.006045 6
0.000070 12
0.007295 6
0.000040 12
0.006252 18
0.006615 6
0.000027 12
0.006675 6
0.000028 12
0.006803 6
0.000059 12
1.327015 6
0.000058 17
0.006159 6
0.000111 12
0.000004 5
0.007477 6
0.000154 17
0.005681 6
0.000205 17
0.009992 6
0.000268 16
0.003141 6
0.000314 12
0.000069 13
0.000044 148
0.000070 62
0.006250 6
0.000441 12
0.000014 11
0.000044 46
0.000015 30
0.000037 60
0.000057 124
0.000016 63
0.000013 136
0.000062 62
0.006084 6
0.000390 12
0.000058 90
0.000040 129
0.000013 57
0.000151 116
0.000017 60
0.006264 6
0.000395 12
0.000038 11
0.000065 80
0.000015 62
0.000015 118
0.000029 121
0.000075 58
0.008556 6
0.000412 12
0.000035 11
0.000030 17
0.000033 129
0.000072 247
0.000053 67
0.003698 6
0.000356 12
0.000009 28
0.000057 148
0.000026 99
0.000054 44
0.000076 57
0.007325 6
0.000276 12
0.000094 11
0.000024 17
0.000029 118
0.000019 118
0.000068 59
0.005099 6
0.000277 12
0.000036 11
0.000015 17
0.000018 29
0.000018 32
0.000035 61
0.000024 123
0.000062 59
0.006362 6
0.000313 12
0.000025 28
0.000032 61
0.000027 126
0.000102 59
0.006769 6
0.000262 12
0.000054 11
0.000021 83
0.000027 62
0.000004 61
0.000095 57
0.005842 6
0.000245 12
0.000017 28
0.000045 118
0.000026 57
0.000069 56
0.007459 6
0.000276 12
0.000054 11
0.000007 76
0.000031 29
0.000018 32
0.000028 60
0.000024 61
0.005315 6
0.000194 12
0.000054 28
0.000048 89
0.000020 70
0.000036 62
0.006463 6
0.000172 12
0.000040 11
0.000046 17
0.000042 121
0.000017 57
0.238957 6
0.000321 12
0.000021 28
0.000009 119
0.000020 67
0.000166 67
0.005779 6
0.000143 12
0.000060 11
0.000020 17
0.000025 61
0.000031 61
0.000021 73
0.000046 68
0.006270 6
0.000369 23
0.000008 78
0.000037 97
0.000062 125
0.000007 60
0.000069 63
0.006502 6
0.000490 12
0.000060 92
0.000025 61
0.000070 67
0.000041 263
0.000103 64
0.007526 6
0.000488 12
0.000019 11
0.000041 143
0.000026 68
0.000033 65
0.000030 128
0.000123 59
0.004325 6
0.000405 12
0.000067 28
0.000078 190
0.000007 128
0.000120 159
0.006290 6
0.000434 12
0.000045 28
0.000061 58
0.000015 94
0.000030 100
0.000011 59
0.000010 29
0.000018 34
0.000030 67
0.000098 65
0.011361 6
0.000539 40
0.000017 123
0.000056 62
0.000013 29
0.000070 220
0.000048 69
0.000613 6
0.000400 12
0.000053 95
0.000016 187
0.000042 61
0.000060 68
0.007678 6
0.000374 12
0.000060 11
0.000043 17
0.000031 59
0.000093 129
0.000011 117
0.004488 6
0.000356 12
0.000131 154
0.000018 29
0.000054 91
0.000006 29
0.000067 32
0.005985 6
0.000235 12
0.000061 11
0.000021 17
0.000011 61
0.000016 62
0.000028 57
0.000062 61
0.006399 6
0.000293 12
0.000051 11
0.000024 17
0.000039 118
0.000017 59
0.000006 60
0.000066 60
0.006268 6
0.000278 12
0.000062 11
0.000014 17
0.000019 57
0.000017 58
0.000026 61
0.000025 65
0.000069 59
0.006588 6
0.000204 12
0.000080 11
0.000019 17
0.000028 59
0.000014 62
0.000087 59
0.006220 6
0.000242 12
0.000120 93
0.000017 59
0.000106 63
0.236773 6
0.000272 12
0.000075 11
0.000022 17
0.000023 67
0.000016 125
0.000104 59
0.005792 6
0.000256 12
0.000043 28
0.000044 183
0.000150 65
0.006323 6
0.000357 23
0.000020 46
0.000050 99
0.000029 186
0.000062 73
0.005994 6
0.000362 12
0.000028 11
0.000033 109
0.000026 95
0.000035 60
0.000028 59
0.000071 66
0.006093 6
0.000568 12
0.000044 11
0.000061 206
0.000044 129
0.000041 66
0.000055 61
0.006450 6
0.000432 12
0.000072 192
0.000140 133
0.000019 128
0.000060 59
0.005529 6
0.000428 12
0.000058 11
0.000006 17
0.000037 76
0.000037 188
0.000067 125
0.000140 69
0.007991 6
0.000394 23
0.000060 266
0.000009 29
0.000028 39
0.000126 71
0.004367 6
0.000361 12
0.000032 11
0.000018 17
0.000016 64
0.000030 61
0.000016 119
0.000047 62
0.000017 64
0.000054 60
0.006209 6
0.000652 12
0.000013 11
0.000022 73
0.000037 58
0.000069 126
0.000009 122
0.000107 66
0.005756 6
0.000261 12
0.000058 11
0.000043 37
0.000077 54
0.006408 6
0.000163 12
0.240063 6
0.000118 12
0.006502 6
0.000153 12
0.006660 6
0.000186 12
0.006681 6
0.000205 12
0.006535 6
0.000217 12
0.006619 6
0.000247 12
0.006502 6
0.000231 12
0.006575 6
0.000237 12
0.007424 6
0.000205 12
0.005898 6
0.000251 12
0.006459 6
0.000210 12
0.006547 6
0.000150 12
0.006693 6
0.000148 12
2.158472 34
0.000550 43
0.220124 6
0.000606 40
1.171421 6
0.000603 115
0.146756 6
0.000641 137
0.755893 22
0.247839 18
0.000016 4
0.605875 6
0.000324 38
1.984480 6
0.000319 40
0.131422 6
0.000643 40
5.556392 6
0.000571 14
0.000016 96
0.221469 6
0.000722 115
0.281301 6
0.000595 14
0.000038 123
0.625038 6
0.000016 15
0.499765 18
0.000018 3
0.030443 18
0.029735 18
0.609418 6
0.000591 11
0.000072 27
0.367380 6
0.000010 12
0.000029 3
0.815885 6
0.000047 13
0.177516 19
0.172354 6
0.000040 13
0.376319 6
0.000055 13
0.337222 6
0.000029 13
0.261199 6
0.000017 13
0.202864 6
0.000078 13
0.181883 19
0.051062 19
0.171941 19
0.804385 21
0.500182 6
0.000051 15
0.031367 6
0.000074 15
0.033083 21
0.029965 21
0.026063 6
0.000073 15
0.030038 6
0.000049 15
0.029205 6
0.000040 15
0.029982 6
0.000019 12
0.000009 1
0.000010 2
0.029923 6
0.000108 16
1.249269 20
0.148575 20
0.203179 6
0.000018 14
0.301578 6
0.000048 14
0.256208 6
0.000133 14
0.210027 6
0.000076 14
0.254304 20
0.156899 6
0.000099 14
0.094665 6
0.000061 14
0.176905 20
1.287946 19
0.500473 6
0.000027 13
0.326759 18
0.000013 1
0.346429 6
0.000014 13
0.157553 6
0.000012 13
0.211682 19
0.305375 6
0.000089 17
0.908411 18
0.000014 18
0.716846 6
0.000020 13
0.185626 19
0.237417 18
0.000014 1
0.344880 23
0.379510 21
0.409980 6
0.000066 12
0.000009 5
1.102380 6
0.000120 34
0.211865 6
0.000085 34
1.191566 6
0.000069 12
0.000010 5
0.637631 6
0.000091 12
0.000047 22
0.339054 6
0.000016 12
0.000029 3
0.500479 21
0.030116 21
0.029217 6
0.000021 15
0.031049 21
0.030950 6
0.000094 15
0.029733 18
0.000037 3
0.029435 18
0.000017 3
0.028544 23
0.030362 6
0.000018 12
0.000012 3
0.029872 6
0.000014 15
0.029633 6
0.000033 12
0.000011 3
0.030036 6
0.000014 15
0.029764 21
0.453989 19
0.500400 18
0.000012 1
0.032784 19
0.031021 19
0.025910 19
0.029535 23
0.030681 6
0.000022 13
0.029663 19
0.029714 18
0.000019 1
0.109079 18
0.000032 4
0.308290 22
0.481778 6
0.000624 51
0.652067 6
0.000568 38
0.779000 21
0.958729 20
0.214383 6
0.000121 14
0.187694 6
0.000075 14
0.106361 6
0.000100 14
0.161771 6
0.000072 14
0.080063 6
0.000103 14
1.865280 6
0.000149 226
1.302160 6
0.000226 46
0.000044 131
0.000012 146
0.000080 81
1.044556 6
0.000306 44
0.009319 88
0.000135 61
0.000916 143
48.811657 82
2.536893 205
0.043528 143
3.870374 2
0.105628 2
0.266549 4
0.538144 441
0.161290 4
0.130989 4
0.111268 1
0.508480 2
0.147333 2
0.165169 4
0.368296 2
0.129789 1
0.301430 4
0.165945 4
0.125865 441
0.097511 4
0.125360 4
0.129400 1
0.956373 1
0.167664 1
0.150774 3
0.267240 1
0.126481 1
1.461973 1
0.196774 1
0.422251 1
0.190691 1
0.473476 1
0.516404 5
0.685331 11
0.005480 8
0.000020 54
0.000058 13
0.000423 63
0.002542 61
0.000801 97
0.000191 112
0.000022 256
0.000726 231
0.000048 56
0.000016 114
0.000013 69
0.000013 66
0.000034 74
0.000022 67
0.000054 227
0.000015 159
0.000014 65
0.000055 242
0.000027 98
0.000050 201
0.000032 129
0.000070 60
0.000037 177
2.795275 6
0.000017 28
0.000417 43
1.006478 6
0.001223 83
1.551578 6
0.000660 40
0.663790 18
0.327880 18
1.343346 6
0.000105 225
1.526754 6
0.000272 61
0.000866 8
0.000032 135
22.590117 700
2.108952 452
0.000026 301
0.500431 4
0.030149 4
0.028351 4
0.031004 4
0.030133 4
0.029668 4
0.030565 4
0.030306 4
0.029660 4
0.029620 4
0.029805 4
0.029244 4
0.030857 4
0.029425 4
0.958525 349
3.108913 11
0.004929 75
0.000432 63
0.002300 61
0.000663 97
0.000059 191
0.000014 177
0.000718 344
0.000022 126
0.000047 207
0.000045 196
0.000043 255
0.000031 142
0.000038 131
0.000026 67
0.000013 104
0.000044 130
0.000013 31
0.000012 125
0.000070 177
1.483228 6
0.000181 57
0.000043 8
0.000860 143
2.064358 11
0.000149 143
7.773991 76
1.188140 275
0.001930 133
0.000062 92
0.000526 143
32.798310 1
0.246167 1
2.161363 3
0.589044 1
1.378588 1
2.869270 1
0.933875 1
0.215738 1
2.885159 1
0.672493 1
0.155844 1
1.191770 1
0.317834 1
0.387250 1
0.237571 1
0.357872 11
0.002043 1708
0.000405 143
55.672128 139
0.827656 237
0.500821 1
0.029464 1
0.029770 1
0.030944 1
0.031415 1
0.028524 1
0.029282 1
0.030168 1
0.029662 1
0.030399 1
0.029779 1
0.031065 1
0.029963 1
0.030055 1
0.029307 1
0.029586 1
0.029841 1
0.029638 1
0.030537 216
0.029172 1
0.031098 1
0.029847 1
0.030110 1
0.030060 1
0.029486 1
0.030583 1
0.455479 1
0.499817 1
0.030071 1
0.030166 1
0.030076 1
0.030397 1
0.030723 1
0.028646 1
0.030968 1
0.029321 1
0.029547 1
0.030634 1
0.030013 1
0.029622 1
0.029545 1
0.030308 1
0.029869 1
0.030476 1
0.029392 1
0.030334 1
0.030309 1
0.029584 1
0.030254 1
0.029443 1
0.030282 1
0.030300 1
0.030164 1
0.030219 1
0.029296 1
0.030403 1
0.030272 1
0.029739 1
0.030614 1
0.029829 1
0.029731 1
0.030136 1
0.030335 1
0.030268 1
0.028291 1
0.030920 1
0.029413 1
0.031086 1
0.030018 1
0.030161 1
0.103697 1
0.144708 1
0.703599 1
0.322216 1
0.843235 86
0.420984 86
0.155780 86
0.137313 86
0.091297 86
0.131613 86
0.130409 86
0.115240 86
0.142008 86
0.243031 86
0.368153 86
0.915660 3
0.397539 1
0.301657 1
0.766601 14
0.002033 174
0.000384 143
67.742097 83
12.067492 57
0.494394 81
0.204924 370
2.719727 139
33.613712 247
0.002745 119
0.000265 8
0.000007 135
7.355402 94
2.646236 11
0.003162 119
0.000457 8
0.000018 135
23.722128 94
0.384348 1
0.500348 1
0.030494 1
0.029387 1
0.030122 1
0.029537 1
0.030733 1
0.029651 1
0.030075 1
0.030305 1
0.030068 1
0.029918 1
0.029439 1
0.030411 1
0.029265 1
0.030780 1
0.029687 1
0.029427 1
0.030966 1
0.072114 216
0.500080 1
0.029608 1
0.030472 1
0.030142 1
0.030082 1
0.029391 1
0.030571 1
0.029601 1
0.030031 1
0.029697 1
0.030195 1
0.029901 1
0.030851 1
0.029190 1
0.029366 1
0.030215 1
0.031278 1
0.029349 1
0.029576 1
0.030621 1
0.030270 1
0.029383 1
0.030146 1
0.029345 1
0.030453 1
0.030654 1
0.030035 1
0.029641 1
0.029444 1
0.030935 1
0.029400 1
0.029356 1
0.031275 1
0.029703 1
0.029442 1
0.031180 1
0.029223 1
0.029713 1
0.030228 1
0.030222 1
0.030090 1
0.030187 1
0.030184 1
0.029603 1
0.029474 1
0.030372 1
0.029283 1
0.030295 1
0.030382 1
0.029985 1
0.030224 1
0.029603 1
0.121605 1
0.142667 1
0.346760 1
0.559212 86
0.357149 82
1.039802 3
0.305154 3
0.236607 367
0.899577 94
1.889342 11
0.003039 119
0.000482 143
440.857774 61
1.082808 174
0.242059 1
0.587461 1
0.175946 1
0.132206 1
0.826821 3
0.242194 13
0.227549 13
0.130090 13
0.111809 13
0.125269 13
0.116420 13
0.126171 13
0.347544 13
0.176826 13
2.949669 9
0.203589 9
0.212144 9
0.244301 9
0.308295 9
0.571646 3
0.500095 3
0.029548 3
0.030772 3
0.030718 1
0.655208 11
0.003678 143
12.099727 71
3.401354 184
0.499776 1
0.030467 1
0.030246 1
0.029272 1
0.030651 1
0.030102 1
0.029176 1
0.029863 1
0.030619 1
0.029534 1
0.030295 1
0.029787 1
0.030246 1
0.099244 1
0.162750 1
0.251270 1
0.173133 1
0.202189 1
0.738067 5
0.542223 5
0.236692 5
0.387779 5
0.298041 3
0.500582 3
0.031922 3
0.028140 3
0.029653 3
0.029684 3
0.030927 3
0.030173 3
0.031637 3
0.028421 3
0.029444 3
0.029275 3
0.030630 3
0.029603 3
0.030085 3
0.029737 3
0.030551 3
0.029353 3
0.030726 3
0.029336 1
0.030514 1
0.505688 11
0.123669 39
0.010642 143
8.470389 278
0.002130 139
464.066652 40
0.212258 134
1.537924 248
3.540900 11
0.003800 119
0.000263 143
375.170786 49
0.994992 247
0.203827 1
0.141500 1
0.500612 1
0.029830 1
0.029773 1
0.031111 1
0.029050 1
0.029531 1
0.030962 1
0.028913 1
0.030932 1
0.029223 1
0.030946 1
0.029289 1
0.029966 1
0.029774 1
0.030850 1
0.029656 1
0.323179 1
0.144668 1
0.461604 5
0.230903 5
0.160651 5
0.149153 5
0.122908 5
0.116494 5
0.130657 5
0.121496 5
0.127276 5
0.116299 5
0.136025 5
0.141489 5
0.523850 5
1.251823 5
0.857139 3
0.500641 3
0.030597 3
0.029354 3
0.030902 3
0.029166 3
0.030164 3
0.029689 3
0.028913 3
0.031086 3
0.030318 3
0.028408 3
0.030318 3
0.030771 3
0.030133 3
0.029482 3
0.029574 3
0.030747 3
0.029856 3
0.029813 3
0.029969 3
0.030061 1
0.030219 1
0.029838 1
0.535096 14
0.003127 143
2.652759 25
0.624837 119
0.784588 520
0.785155 134
0.146925 458
278.979575 11
0.003342 143
1.294634 1
0.109639 1
0.282875 1
0.146476 1
0.321039 1
0.352625 11
0.129188 40
0.008009 143
1.589949 1
0.372057 5
0.705076 4
0.338831 4
0.141169 4
0.112400 4
0.119183 4
0.131100 1
0.761317 1
0.152264 1
0.255703 1
0.171262 1
0.301467 1
0.628708 11
0.003182 186
0.000584 143
670.731098 139
2.428352 139
0.001339 139
6.914493 74
1.600811 273
0.022668 79
0.004174 143
454.839422 2
0.135874 2
0.277194 3
0.185430 1
0.498833 4
0.151187 441
0.121721 4
0.106731 4
0.271860 1
0.679370 1
0.161466 1
0.312239 3
0.170644 1
0.870525 4
0.322503 441
0.859353 3
0.132277 1
0.794751 1
0.115408 1
4.825014 1
0.146308 1
0.463304 1
0.075136 1
1.002202 1
0.789229 4
0.130036 4
0.764711 1
0.962224 2
1.364917 1
0.267445 5
0.930077 11
0.005496 57
0.000407 143
4.569483 16
1.010082 1
0.187168 1
0.101247 1
0.126592 1
0.128622 1
101.823298 3
0.129019 3
0.211105 3
0.167196 3
0.141966 3
0.571387 11
0.003388 57
0.000862 143
2.439989 48
1.140640 1
0.000044 160
0.708634 11
0.005733 143
968.202666 11
0.003271 12
0.068015 71
0.555895 17
